100 1000 39
57 8 20172
3 44 13555
55 23 31443
65 4 1110
30 10 7051
1 2 20255
45 68 3885
60 80 20938
20 92 30370
38 63 29726
25 63 13620
73 93 5931
6 78 18185
96 78 14688
23 47 28623
60 59 26878
79 59 12366
47 54 30617
66 53 3306
2 68 363
3 54 18493
98 100 12697
91 92 7234
82 68 18626
37 41 467
26 88 23917
65 34 2412
34 42 9779
40 22 31077
73 16 27575
45 70 9511
70 68 5321
25 26 3596
10 13 10570
81 75 10723
63 74 14504
53 98 29779
10 79 22281
34 8 1937
64 4 28807
80 90 11811
20 67 5121
90 68 684
14 97 8047
5 16 5101
60 4 30148
94 76 29319
17 7 10933
80 81 23321
53 12 27400
17 83 10968
47 31 26677
32 91 17839
26 96 17535
65 14 23685
55 15 30928
41 99 26436
47 33 32760
98 92 31149
65 37 19239
77 44 11046
92 3 12726
53 48 26873
60 95 17048
5 12 1994
89 2 10255
6 8 5157
40 59 15992
23 69 2932
63 44 9544
68 33 7625
86 64 32147
42 23 11816
50 7 19376
41 37 19052
12 30 6624
58 84 5329
95 72 6139
45 32 26826
62 65 6281
52 16 12720
44 91 1504
11 15 17764
82 10 18970
25 51 28166
26 71 15093
6 17 30024
42 45 30471
30 84 18692
91 89 21449
49 38 1058
92 51 5219
23 20 6130
25 81 12099
77 37 20867
29 26 31966
93 54 21406
33 20 21561
82 72 10608
11 21 27136
40 8 7943
83 5 19796
74 47 25646
44 71 10660
29 82 29514
54 81 5922
81 2 6475
47 70 19382
47 6 7372
64 73 31868
4 72 12784
82 45 17456
97 72 30120
92 62 32026
12 97 26213
98 28 12207
95 38 31739
72 21 19748
12 71 10983
64 57 6955
1 14 8503
47 49 1021
2 76 24275
21 58 11077
78 67 8556
98 46 19420
47 90 767
65 96 29545
41 87 7136
89 86 31055
85 57 28692
83 28 16510
91 32 8949
84 9 27647
55 77 23889
95 50 15428
100 45 20854
13 34 24500
23 62 9724
98 85 10985
54 66 6944
36 72 32142
28 13 18445
68 93 7916
15 85 9327
70 4 10625
80 19 2072
73 46 16182
37 82 11690
71 91 18449
37 53 26235
60 83 31606
30 24 23857
27 82 30799
87 12 20937
32 21 12896
57 93 6326
75 62 17503
13 76 30431
68 78 24689
80 55 11273
51 76 4093
2 8 2474
56 13 15082
42 24 25139
71 38 30137
21 84 25410
64 86 3378
13 37 970
98 8 32370
80 77 29288
79 97 29247
48 11 32324
36 66 20989
4 75 11012
95 56 26931
9 14 24324
63 15 25881
16 46 16498
87 95 7483
15 49 7263
77 46 5922
80 57 18053
80 52 16333
27 57 4570
27 94 20012
15 55 8716
17 56 8565
56 11 31009
3 95 17512
77 90 24760
65 13 6032
25 77 8695
10 96 22375
90 98 29095
60 13 28527
23 44 16602
75 81 26173
29 35 24445
35 41 14398
39 23 29232
88 1 14254
24 100 2804
44 58 31999
14 90 19920
66 75 15042
23 87 24220
23 60 6428
31 55 2616
94 41 16851
17 6 4158
67 51 28649
94 65 6921
69 61 17212
48 64 18651
3 76 28816
67 30 2932
100 49 20073
73 82 10669
38 18 26889
30 29 2991
1 82 29242
9 73 1504
85 100 12709
68 47 24480
96 50 8415
13 51 10849
60 35 10886
1 57 29388
58 99 9712
15 16 14568
3 36 12641
37 35 15745
47 93 2763
49 55 25155
38 35 2935
86 24 26433
90 66 1330
49 10 3044
87 57 32721
49 77 21106
34 47 19492
82 62 11437
29 97 7611
61 55 32068
44 43 28411
49 2 27899
41 26 27522
1 46 25569
59 87 30874
100 93 24696
88 52 19402
43 7 8709
9 42 14396
72 29 17136
84 63 3396
93 37 21485
26 34 12678
86 3 22586
70 1 18317
39 98 17903
56 25 25482
63 84 17156
29 54 5853
56 58 751
37 26 26158
59 56 12845
7 41 17723
18 99 13330
100 63 32686
63 53 27825
44 59 6295
37 43 13254
38 76 12887
54 46 11991
42 17 3880
26 54 19
14 15 16001
86 23 17561
97 20 9735
69 60 6180
75 77 21709
10 100 3412
91 95 1548
45 14 4368
56 51 23608
80 5 14112
32 84 18566
41 36 9665
71 72 24011
100 75 22183
25 14 20764
33 35 28517
14 57 7749
68 60 26327
23 59 14818
14 1 32272
7 13 19086
84 74 28842
36 80 7176
46 67 1271
44 85 3907
45 16 5462
9 3 24272
40 96 12915
27 81 25696
47 9 19431
20 78 9175
59 49 17639
58 1 28655
62 18 22260
51 91 11630
92 66 32633
50 26 18646
32 78 26298
18 83 24229
80 98 23913
88 4 9060
86 57 17078
29 46 1831
36 20 12335
66 32 1544
46 25 26563
64 37 13823
27 88 18197
22 21 23438
1 52 13223
2 32 20823
52 45 13845
81 4 17341
1 53 25905
53 4 23376
30 40 27711
87 79 1851
37 76 7873
12 5 29932
51 80 20884
88 69 29863
31 59 25681
14 35 8910
72 86 22316
88 54 15352
18 84 18627
72 83 5685
52 89 5284
82 65 25620
25 59 22125
1 24 13883
52 47 7885
17 75 14004
46 75 32482
20 12 25929
30 68 915
3 17 15991
97 71 7682
4 28 16093
7 54 5931
44 17 13123
3 16 23619
7 98 18815
83 97 32384
13 46 28899
48 91 31809
3 53 22785
35 48 8926
52 97 21470
35 32 24452
85 33 7414
1 92 31455
11 95 6293
74 25 20112
95 74 6004
89 44 21654
4 9 29321
30 61 1478
33 18 11445
22 64 19895
17 76 15689
77 95 23633
98 82 17922
24 75 28066
76 95 26399
78 41 27992
5 45 11071
47 43 29525
45 65 8801
32 35 21232
29 44 16554
11 47 12507
72 45 26046
94 43 7393
52 10 30674
85 23 1025
44 63 18876
27 83 17551
96 56 9648
66 9 4447
62 91 24174
83 96 29224
86 49 18179
19 66 24227
34 33 30068
3 100 32526
11 59 20203
7 9 22559
70 25 7224
8 18 24967
60 7 23497
9 51 3477
79 69 16998
18 52 28066
44 47 28245
60 56 12865
49 92 18604
11 36 5996
7 23 32511
56 50 11303
99 86 29619
13 91 8787
89 69 3467
40 32 16031
11 88 32604
72 18 27098
76 81 1767
73 49 7197
57 41 20031
62 99 12158
71 83 7503
16 5 27461
50 45 29024
76 28 6631
28 58 28324
3 79 2862
67 70 1075
94 81 20818
35 78 5384
56 64 8948
44 25 6354
28 43 25917
31 41 32189
19 63 18564
26 74 12413
73 75 26452
9 55 8767
73 30 19108
31 22 31826
21 96 26523
51 50 32671
1 25 12317
65 7 29108
36 23 28043
58 39 176
36 64 3459
41 1 32262
39 68 25991
41 7 12589
42 73 4495
87 59 19520
36 61 23138
26 83 7698
74 23 5674
96 33 7550
42 8 4771
32 27 26124
4 87 26375
5 1 25559
64 65 2000
16 41 22160
52 82 31719
98 31 19377
33 67 14251
70 75 8301
22 73 3974
60 32 15340
38 57 14651
21 39 9597
53 29 2623
97 59 22673
21 46 22164
23 8 13881
24 38 25655
34 18 26361
19 92 4826
37 93 29812
70 21 19178
88 47 15066
35 1 30728
86 42 8216
87 42 4735
77 59 21318
75 1 22625
77 41 16850
83 78 11392
100 44 8616
27 3 10418
43 51 21129
97 46 573
82 53 8490
16 36 31357
59 57 19522
74 44 938
33 44 10109
35 10 26220
69 48 19432
74 41 24995
65 59 29877
22 70 10553
70 100 14399
57 17 9950
11 98 31498
18 92 27004
9 84 28887
25 24 1251
95 27 25629
24 99 4194
91 14 30340
24 39 3647
23 46 11577
87 31 8025
3 61 29239
78 42 19790
74 18 20430
82 47 15101
78 91 7707
73 56 32325
69 9 12842
39 72 5954
83 100 27891
62 72 14466
9 79 23673
25 74 12514
34 39 2994
77 21 4886
5 22 11775
28 14 9
91 28 20490
43 70 29628
32 31 869
59 93 13733
71 76 9979
83 94 24910
23 79 13271
45 50 10783
62 80 12249
100 66 29626
66 82 23102
45 100 27660
34 22 15909
54 60 18765
80 12 20296
1 85 10754
96 1 9257
22 12 25382
26 38 5224
81 42 11507
28 94 21205
21 55 12273
31 100 31362
16 38 31779
95 81 10368
82 89 22310
89 57 17418
74 72 28575
56 57 5450
33 25 13139
27 28 20225
92 71 4779
32 4 18868
50 38 26953
63 46 24899
24 13 15631
93 77 25332
78 58 9043
28 41 11964
40 62 8999
74 88 16478
82 58 7321
99 23 24904
18 2 9903
1 4 22917
18 29 23708
64 70 28221
73 81 137
28 79 23617
18 81 15794
64 24 25952
63 12 17000
24 40 29170
99 36 21450
52 7 216
53 87 20805
81 30 21902
52 33 19116
43 19 11755
30 4 21606
55 54 16964
12 98 29790
55 12 15685
89 99 32553
99 68 23732
33 76 4011
47 21 24707
14 4 1355
7 88 25043
93 59 13803
79 98 27409
73 34 5521
43 86 1908
95 82 29109
58 43 23916
64 77 2135
11 43 14927
81 93 14373
57 70 2099
15 94 30322
58 33 17419
56 14 2846
64 3 3597
73 29 29181
76 53 25288
97 92 12689
25 95 21601
69 46 22617
13 24 26257
14 71 11968
77 7 32227
72 61 14283
57 11 31574
3 22 22976
76 65 27468
78 71 27453
19 90 24027
58 11 24345
68 81 9095
75 96 25923
37 59 28925
30 51 23165
88 38 3240
66 62 31284
19 15 32565
51 27 11505
54 25 23652
59 64 21267
8 28 11189
75 95 25320
90 60 382
30 25 1709
48 83 13601
69 98 15852
24 3 24413
72 98 24518
87 74 10966
96 14 1942
83 69 32665
3 51 21921
26 53 5881
16 44 1986
29 64 17331
18 37 31120
36 71 27844
49 17 22702
49 66 17276
95 53 17724
7 27 28073
53 80 32684
68 36 17142
21 100 31850
32 87 26830
79 3 2827
51 32 6762
23 53 21167
93 44 23963
98 26 18091
50 14 14550
86 90 12376
1 40 22209
14 75 2026
4 85 30621
37 50 11681
88 32 28063
93 32 10295
82 49 3678
92 19 32385
57 42 16602
18 97 31179
12 51 7265
14 13 11170
11 60 9981
39 18 19710
39 6 567
52 86 17936
31 25 19278
14 63 13595
84 33 12341
9 35 5956
96 48 32501
97 84 13250
56 41 17219
47 96 9503
18 76 24849
41 53 29010
69 99 31399
15 81 23448
93 58 6331
13 54 19537
27 90 191
29 40 22533
25 36 3971
35 19 15547
18 24 16298
59 7 20139
16 23 336
91 52 25940
70 61 15449
11 78 21760
82 52 555
39 75 16053
79 25 25123
8 76 22234
89 34 27689
36 43 2476
28 98 19759
85 14 1758
31 58 23547
54 74 17222
39 28 30853
1 93 26470
47 84 29926
41 2 15132
20 77 13263
19 77 828
86 36 17189
90 21 18136
85 60 25671
89 100 20835
24 30 9459
100 52 24099
63 93 14399
82 5 3771
27 98 8499
50 83 29103
46 36 2262
10 67 16174
73 27 22482
68 19 15450
66 48 5379
99 51 1521
22 98 20125
40 21 3074
8 100 30427
8 7 17287
63 11 16187
65 73 16240
82 93 16179
51 59 11082
72 69 11052
52 54 31687
67 43 28499
45 48 21271
35 52 31128
62 39 23001
58 18 29578
79 70 15455
68 58 2772
79 74 22604
56 87 1837
86 45 24896
91 18 8863
22 71 23067
40 60 5674
47 60 15143
75 86 15293
56 53 31419
76 64 21050
43 13 7394
8 63 24042
95 97 19944
70 36 32557
75 5 27394
55 11 17681
26 2 7283
1 49 24044
71 27 18669
42 76 14660
75 60 31409
95 41 5626
68 5 19638
29 86 16783
62 15 2136
50 79 26745
93 70 7559
73 23 25832
15 87 14619
91 7 19129
67 5 12831
17 19 17091
29 18 1427
78 84 31687
73 11 19452
6 56 30558
37 75 28656
46 47 7810
29 83 24637
75 87 24284
4 16 2424
44 99 19811
11 65 19480
39 62 8484
26 37 2393
15 21 771
65 15 1422
5 79 28355
87 15 19398
10 8 13721
39 53 6800
83 10 26162
39 16 5199
75 68 6722
42 32 4335
14 91 9743
57 55 28043
43 8 24687
69 54 28699
17 9 8128
92 29 6231
87 41 8516
10 34 14808
44 78 29388
27 92 1153
68 6 6959
18 80 26461
39 63 3613
17 87 8401
92 22 69
7 3 26683
19 32 23291
30 90 29224
4 15 26420
69 42 14351
92 35 6388
41 58 5605
97 73 16747
18 6 2126
92 97 10015
97 21 7518
85 69 24109
21 97 30079
23 49 26037
92 99 14151
37 40 16102
79 93 12410
53 52 6439
12 4 6204
40 64 7652
67 83 31497
28 12 14518
57 51 9177
29 17 13868
83 89 16355
60 19 1568
94 91 6702
34 5 967
45 90 1941
83 76 10840
66 88 23981
71 31 24940
31 61 17797
3 43 5386
49 31 32449
51 25 4286
48 36 7353
43 96 14160
42 50 10916
79 91 21601
61 93 30501
33 64 18518
18 64 10476
83 91 30171
6 38 21618
9 8 9518
63 98 19226
42 67 1781
57 40 32439
21 88 27100
74 57 430
99 26 9921
98 6 23029
59 10 7050
9 33 28396
75 66 28682
84 59 2221
61 56 26586
32 11 2205
21 27 5842
43 78 25165
71 55 28090
86 98 26067
16 51 30248
2 30 31722
64 20 8839
84 60 6241
55 10 1969
50 63 7208
22 17 15177
96 3 20601
9 10 19554
58 47 10755
83 30 22507
90 94 6434
40 82 4569
20 7 14193
44 14 25299
74 17 16616
39 76 20801
42 85 2581
77 87 24548
16 52 12628
78 57 9857
20 86 30096
84 38 20051
70 10 29172
24 23 1205
47 81 28491
16 42 24705
39 86 18183
66 7 18192
80 74 7458
14 55 9187
37 3 19792
54 31 21084
38 19 7500
29 96 31508
49 13 26905
35 23 19601
60 62 596
76 38 1826
37 55 24033
71 78 29396
40 49 5655
33 10 4585
47 68 19992
80 89 20768
80 17 28892
19 41 269
52 64 31492
58 78 2583
96 15 18640
9 39 13897
31 5 26855
6 1 24708
73 62 9700
28 29 14683
92 91 16726
23 43 14313
48 95 12535
73 40 32614
6 3 6806
83 98 8820
19 76 7065
28 59 30552
76 39 17262
80 42 27739
99 25 5547
49 82 18669
98 97 16342
79 92 22631
66 100 30722
7 42 16752
97 37 4296
44 83 22905
24 9 1101
84 75 1705
67 71 3199
90 23 22817
94 86 26192
78 35 4531
49 97 29341
30 3 9537
35 2 12520
33 94 11697
64 79 18463
69 13 20464
98 59 2135
66 74 21496
2 97 21546
34 27 9649
56 89 3363
29 41 1806
2 79 23090
67 86 20529
60 48 28400
84 11 10503
48 16 26541
100 86 16415
25 43 2327
66 14 5809
82 35 30867
65 60 11651
36 73 2350
35 51 32420
0
100 1000 88
15 34 1454
25 52 25730
57 9 17151
1 38 1010
66 49 31156
2 10 11434
39 71 25737
2 49 30
96 61 9791
84 8 4614
63 79 18906
35 97 30750
14 29 26841
72 66 697
46 12 19052
45 25 9104
97 78 22460
38 14 19936
3 100 7931
54 56 5383
57 40 15158
28 4 5398
85 52 2910
87 44 3606
3 94 19719
100 97 9704
29 100 32709
62 45 19975
3 72 31805
41 75 8609
15 82 30260
57 79 1468
25 53 17232
86 98 14427
47 97 18496
18 53 7397
28 70 27776
14 53 17218
8 63 30984
69 30 13411
91 87 24686
86 25 18986
22 70 12149
81 50 4602
13 55 23289
23 97 16467
84 94 23733
59 37 24893
47 51 8795
90 20 1147
88 87 28587
34 91 21842
99 21 27531
9 19 17122
88 41 22756
17 71 16483
44 48 8627
51 64 10171
83 8 5785
75 7 30359
58 5 28581
93 32 10704
51 1 19438
67 100 9405
51 100 2643
80 83 15663
50 86 32765
23 50 4123
94 34 24962
17 21 19480
59 43 14764
62 71 22310
56 71 9647
21 23 21964
88 33 2554
69 77 11007
11 83 4599
42 9 26955
56 83 8849
31 49 8410
70 98 25350
97 51 16002
15 49 13487
74 17 17018
77 12 11426
15 37 21691
69 22 26647
63 62 29441
42 26 2144
88 76 15793
44 57 27036
83 25 14
52 66 13160
66 96 17789
94 67 17722
74 83 28878
80 8 18482
51 99 11201
46 74 28277
58 51 29763
10 2 11394
14 66 23059
60 42 4850
90 46 31442
99 2 28581
52 99 17324
40 94 4947
85 46 18195
33 71 5356
99 43 23121
36 9 15959
61 79 468
84 51 1641
15 25 17536
22 62 10801
52 74 7534
14 64 11240
36 86 16606
36 29 18471
86 83 5196
54 29 25136
48 27 25312
36 7 3694
71 93 20152
53 98 20091
73 56 5304
51 88 21573
39 80 15335
25 43 18994
77 75 2690
44 75 15440
55 27 27207
54 97 25325
76 84 4783
15 46 18742
78 13 11016
2 6 10921
30 78 28592
47 52 30845
20 41 3304
3 71 21579
74 43 9959
60 27 32676
33 93 14914
23 70 22613
74 78 15557
21 58 29875
25 35 28341
54 73 17168
12 4 28657
77 44 27851
93 25 31084
91 58 7361
68 16 18826
29 38 28967
74 99 5159
24 62 3219
15 70 21280
79 36 5805
84 7 23552
16 56 11556
70 49 19158
53 66 3213
90 28 14106
68 73 12798
87 47 18376
19 54 11811
19 45 18779
10 98 11759
61 19 1888
84 37 21959
10 16 9659
10 41 18686
59 33 14087
15 48 8190
56 2 4683
13 3 19588
54 28 6596
74 55 19827
55 100 18342
78 92 23593
13 8 14121
24 47 31578
96 1 20288
19 86 5089
40 29 447
14 81 9735
86 78 3309
20 95 5673
46 32 9899
70 97 20942
20 62 16308
22 42 1667
67 20 29349
19 85 30236
84 23 1492
95 65 11311
42 83 30746
50 48 9635
11 88 13962
34 54 20514
47 24 15156
21 72 5927
58 76 16676
35 26 20149
18 54 14144
55 67 11868
42 24 23411
83 35 19181
3 83 14539
21 18 17712
88 34 27308
82 64 15620
9 66 10321
17 74 28398
33 89 29009
83 9 14092
51 43 31724
41 15 9326
94 81 21470
46 48 29606
21 87 16722
4 65 31347
44 34 20034
12 64 14376
12 47 22264
52 94 26776
69 73 8969
95 50 26206
10 33 19317
2 19 256
29 76 21882
76 39 32016
8 21 4125
82 16 2546
90 63 8795
7 29 21242
73 66 5714
15 92 15713
92 37 26299
42 1 656
54 90 18122
80 65 8007
78 38 19833
98 23 5349
91 99 15118
68 71 17074
64 67 10031
16 4 29762
21 67 16507
9 26 29399
53 84 2016
34 90 1490
12 76 16677
21 48 29330
40 60 32613
43 96 17990
60 36 3942
73 94 5290
26 24 23320
46 87 27817
24 12 2212
17 70 8267
93 39 23746
60 48 12164
54 80 7009
4 94 15807
1 24 4802
99 39 2101
4 98 31881
30 75 26479
92 73 15743
30 28 4236
5 10 6135
73 13 6938
16 22 28175
79 40 22183
43 29 2120
32 41 18260
20 8 18983
21 79 17166
76 92 8675
41 17 12608
27 83 8517
70 48 27921
51 63 23880
19 98 20113
65 54 16156
73 20 31906
16 96 16144
14 78 6222
48 33 27819
1 98 25375
49 68 2670
48 93 25664
46 26 22052
75 53 1722
15 53 32113
81 44 28440
24 13 19183
41 82 20152
86 74 24233
99 76 8965
32 99 1189
29 74 32764
56 78 4302
44 46 30668
45 52 3750
55 37 6355
74 79 31860
8 65 29110
24 42 9187
91 38 19816
70 5 32488
91 29 31949
29 81 13614
100 10 18332
78 55 30138
43 47 28422
68 62 18302
25 89 28847
96 57 23651
91 39 21536
38 92 14062
71 31 13512
93 96 22682
66 24 31973
24 95 21414
31 84 24560
82 62 22073
66 7 25444
89 47 32307
64 17 15087
96 89 19465
65 14 31091
92 99 12400
94 8 10854
6 32 17359
59 82 24424
49 26 1966
9 81 11490
78 61 6697
31 75 30540
97 19 17178
7 75 21085
74 7 25104
74 9 19193
2 12 17887
2 94 26185
64 62 5566
88 26 18322
25 31 12247
39 14 30013
75 52 19081
62 85 20885
92 96 19534
46 78 11305
99 32 22394
95 73 22226
17 7 24146
61 65 26285
55 74 21668
28 2 14427
96 81 6142
33 7 25937
19 25 998
67 49 14798
6 17 18728
93 76 27174
5 25 25649
84 21 2379
95 26 13674
8 80 1812
47 98 26826
52 70 13962
78 64 15885
10 99 9238
32 98 26224
75 84 32741
28 12 15211
6 20 3584
1 93 21840
96 67 3291
69 33 15827
54 30 26480
53 29 30930
60 40 19159
26 85 30927
50 72 31701
45 5 25047
83 80 8934
23 33 30926
78 27 17826
77 58 5725
9 100 23187
42 85 15341
100 67 24785
38 50 20083
2 83 14084
62 82 19972
29 6 9627
14 51 29280
45 7 15957
100 60 13300
51 76 26485
59 12 17934
10 32 13108
89 36 12847
68 10 5197
6 46 28092
63 68 9917
4 40 14983
69 37 12294
78 90 14307
11 18 10029
87 65 24330
72 69 1649
32 1 28899
79 67 19120
46 11 1856
71 2 20797
59 25 27770
35 83 31280
69 50 22352
86 6 12982
50 68 22568
58 41 29926
72 88 11931
91 19 17696
66 88 19630
51 59 31063
1 41 6777
58 68 28895
74 24 2100
27 22 25487
77 5 30178
51 42 9559
32 37 16142
15 63 14239
26 19 7770
10 4 6915
21 37 2715
93 80 29292
69 10 21858
43 73 1718
36 17 12514
80 55 32245
72 73 23404
61 68 4854
68 24 19965
98 46 21526
85 19 22658
2 30 9305
19 4 22329
61 1 1895
37 99 21183
18 14 7325
64 49 23338
40 62 17984
96 30 25169
33 52 536
25 58 27651
69 91 3706
59 27 27308
86 77 32706
92 52 15441
15 33 21734
73 40 15345
48 3 16266
46 45 18706
73 14 3282
28 19 31997
65 85 31932
47 17 21334
73 34 15153
83 53 22945
100 23 8695
92 87 25680
94 95 28534
30 23 18300
80 67 1676
63 50 26490
79 14 18699
52 24 25178
41 94 11783
96 73 2742
50 13 17145
9 84 2833
34 99 28395
79 27 7446
22 31 7149
89 95 25391
72 10 22741
100 49 14544
82 63 29719
56 100 22852
87 55 15123
61 50 15098
79 70 31443
10 97 15720
36 61 32158
65 87 32576
58 55 18096
40 32 4665
74 34 15422
5 67 9575
37 28 31389
17 46 11459
73 4 13998
24 17 30728
15 75 7984
79 28 3573
8 71 17669
58 96 22455
44 99 22474
61 4 8421
74 23 4401
27 73 1382
18 73 24473
54 99 12374
67 35 31887
45 97 30101
31 54 27194
28 87 32262
48 26 16240
57 52 16874
75 23 12984
16 21 19401
34 6 6556
26 83 17335
9 62 982
38 70 13773
89 94 29242
42 73 14379
26 82 30574
35 43 21480
97 13 25805
55 6 12726
74 94 4108
10 87 22050
67 34 20082
89 60 700
85 34 2250
42 66 26757
40 66 22360
85 2 3453
56 7 30573
51 7 27172
76 67 13439
33 11 9539
76 74 7361
98 25 17257
60 92 7604
93 43 27854
2 63 32561
51 62 26531
44 9 13260
62 41 24060
21 50 11177
76 1 19919
59 5 21279
57 85 26300
87 9 14512
24 94 27813
8 58 3655
34 67 18228
3 40 26560
47 74 1509
27 84 19738
34 47 7472
51 66 232
56 75 19683
71 60 19428
66 43 18638
12 46 17573
69 5 13392
21 66 30441
97 90 5735
91 61 4092
3 78 28491
69 1 24090
36 79 22976
1 100 3803
90 75 29095
76 51 15637
44 78 26225
71 68 6321
33 56 31613
27 25 21346
5 28 4500
50 85 4939
89 57 31733
10 20 2284
85 82 10417
1 72 30705
15 42 22352
79 44 6845
7 62 2537
89 61 22209
88 80 23609
92 28 19454
76 41 18786
1 3 29770
13 45 29773
50 91 22317
90 85 4082
16 35 21033
28 72 13354
72 7 18125
50 77 31118
38 44 8913
53 72 13490
9 76 7136
16 23 30196
8 14 16176
47 40 3011
59 52 30977
26 72 17631
75 95 17824
49 48 23857
24 87 8592
5 76 28195
42 57 30378
56 18 31926
69 39 6038
90 58 7663
66 40 21698
65 81 31728
31 10 14490
43 28 19906
86 52 17372
74 14 22346
80 61 22076
93 90 17610
25 49 12923
10 70 30676
91 3 32377
33 100 20151
14 40 5564
17 5 25675
71 48 1366
94 100 16218
56 79 15930
28 46 12317
27 39 1884
50 84 32655
12 39 2860
83 49 31574
3 70 4398
5 30 15691
92 57 12577
68 59 13236
22 25 26753
52 4 25595
43 85 2213
9 94 22403
31 4 26053
95 90 29365
80 66 3758
55 2 3910
87 80 13087
99 16 3424
15 94 12147
55 7 31605
97 29 21377
21 56 13668
44 70 7140
37 90 5259
96 5 30855
20 2 29837
77 89 13119
1 26 2654
72 55 31643
77 30 31098
2 99 16591
53 59 30839
38 52 8151
34 55 2485
10 71 11310
3 37 20076
12 3 27908
80 81 11932
52 49 832
85 67 11811
100 41 5075
8 62 14010
7 13 7879
66 38 28412
77 88 139
93 34 23215
92 9 2411
98 55 2603
22 8 14146
65 86 22774
54 33 12868
89 42 25780
7 11 21501
11 23 23787
53 8 27610
81 6 24923
26 42 1559
95 38 6769
25 46 20483
16 3 29144
46 34 18273
71 59 27573
47 48 5692
3 22 8449
76 60 6919
26 56 31010
83 93 26117
61 9 20311
89 54 221
85 5 15024
66 78 28226
91 79 14173
47 44 24789
17 33 27094
92 78 21640
76 42 2448
73 90 14376
19 40 17460
72 13 15580
84 2 27544
57 72 16311
89 41 20452
3 41 9650
69 86 5298
35 50 31910
9 49 27394
83 51 21540
10 47 13148
38 17 5942
83 95 29305
65 19 19570
63 22 2114
31 58 5091
40 45 3087
94 45 22058
92 80 23784
34 83 24434
99 73 7076
79 82 20789
77 51 5288
4 48 18796
49 43 2656
18 66 30127
99 34 12207
13 26 6015
12 32 19073
4 82 12439
92 63 1802
25 6 692
6 71 7957
84 1 32149
91 27 9569
66 10 5824
87 17 26432
17 91 9236
86 61 20661
94 17 28447
3 14 16010
55 31 19357
30 20 1803
20 45 9666
44 27 21724
17 43 19594
74 51 17467
49 96 32572
63 14 18669
36 53 4355
11 26 29267
49 24 8147
20 70 6859
76 83 11790
25 64 10088
63 83 13369
5 27 20213
41 11 19041
40 24 11381
95 72 22360
29 39 8337
13 86 2065
87 6 8893
100 91 15308
35 55 28152
49 10 8649
50 52 15987
44 26 3007
55 47 27778
93 48 1098
2 53 26279
78 40 6919
68 29 12179
9 14 8227
6 52 26227
29 95 18301
98 38 20198
92 56 5653
14 5 22683
19 32 8510
60 5 31371
91 14 16215
61 84 5389
81 58 2246
83 66 15981
9 86 27178
99 86 2778
55 62 9180
35 64 8962
63 38 610
5 40 909
46 24 8907
69 3 18616
66 100 27632
58 25 20610
5 19 515
19 90 811
24 22 27647
60 7 1264
6 53 31442
8 7 17743
62 84 22830
88 86 11222
36 88 3920
62 38 27524
93 2 28362
84 25 3802
79 16 3794
34 29 12732
70 95 25676
89 76 20545
52 73 5799
72 60 12371
46 94 31087
74 67 4868
83 28 29968
55 36 29175
49 92 10988
29 63 18795
82 21 26690
93 55 31632
64 76 9566
92 60 25591
3 85 5687
18 100 17802
73 36 18262
16 10 21468
23 82 21926
66 58 17157
55 82 8218
37 63 23778
94 57 4988
4 84 10377
72 57 30094
69 2 13726
6 96 12881
75 49 28043
74 25 5431
19 68 12288
9 56 28172
10 61 27455
90 71 13097
72 95 13267
76 99 19294
89 46 11919
51 17 8519
31 29 1567
39 38 19865
99 27 22814
90 49 30988
36 68 4528
12 92 6796
73 58 3995
28 30 28558
64 100 7314
59 98 17978
90 7 4566
87 93 20605
64 42 9772
76 73 15094
74 65 12092
4 10 9166
62 31 6570
99 30 24070
59 91 31874
62 14 20586
50 27 4579
59 51 3050
78 29 13894
82 90 515
68 94 27242
26 4 12175
68 18 6340
98 30 15244
79 69 26615
88 55 2890
72 6 26282
28 31 23962
29 80 21427
75 42 10679
14 47 4039
22 84 22669
10 18 21436
26 52 19357
92 25 28384
56 15 36
7 23 9065
3 34 26073
33 3 23741
87 8 20317
19 8 21717
12 23 3163
68 85 25424
27 31 23086
82 11 15611
81 5 22168
21 83 4008
10 80 31056
71 22 17322
31 5 13756
77 71 5406
41 65 29351
46 30 24650
61 100 6358
53 64 15967
37 86 22884
31 99 20992
29 67 9604
20 38 2714
9 79 31609
20 24 13995
68 11 23259
68 45 23689
14 71 26258
95 74 20047
94 38 1280
38 72 6389
59 58 16214
43 9 6080
72 99 18185
8 26 27785
81 23 29918
23 40 12945
39 20 22290
47 35 17627
46 56 3189
35 85 12863
46 73 18594
73 65 18615
13 54 402
84 20 20121
69 12 319
39 66 23470
70 60 30226
7 45 7538
95 8 13134
58 53 30943
91 28 11962
5 98 16777
83 40 31537
7 95 28931
67 85 6124
90 30 15032
47 69 31387
65 45 22463
34 11 20135
43 51 17244
61 53 3637
39 67 11301
81 68 27076
52 31 26371
94 90 6123
86 34 14422
22 99 9937
64 74 24478
7 36 22474
99 87 11061
30 41 10833
71 70 14424
23 66 15748
82 20 942
18 6 15471
36 26 28448
65 23 22751
47 89 14768
52 10 12119
22 90 31121
4 15 2149
39 40 15116
73 62 10912
61 18 29864
40 84 32033
94 11 2243
14 89 5548
75 36 30679
88 19 25855
50 9 5327
49 41 1588
80 63 17821
1000
