7 8 9949
3 7 12795
2 5 6322
7 4 10695
1 7 6623
1 4 1996
6 4 5089
5 6 19487
3 6 13300
3
52 991 96
42 43 12092
4 21 29609
50 48 19626
30 10 15557
32 49 7582
10 3 20713
21 45 19909
40 19 11043
3 46 601
31 41 22926
22 37 30988
52 10 17650
41 4 24249
29 16 29334
48 1 3607
7 19 19058
24 39 17874
18 50 24570
30 29 8935
20 27 17974
13 12 5900
47 34 10220
8 11 31884
3 22 17151
15 35 8171
7 26 4690
4 45 27927
7 4 29653
10 28 12579
35 22 130
31 11 25277
11 17 10860
35 47 29403
47 50 6462
37 32 5197
13 38 25235
48 25 16551
18 14 5292
52 38 32569
18 29 15977
33 5 22871
35 34 2559
22 42 24267
32 48 32253
22 44 15630
25 15 16876
14 15 2272
34 5 20171
8 12 5808
48 41 26624
29 38 4886
39 38 13792
5 21 14655
22 21 31035
17 8 4976
9 46 12545
18 3 12499
27 9 10615
49 15 30355
40 32 663
44 21 23549
26 20 5286
37 38 17141
8 48 29741
15 40 2146
42 26 26015
48 12 27164
7 52 24944
23 25 31806
48 5 30940
24 27 14435
19 44 18111
49 38 13238
17 31 27834
49 40 22117
24 21 32662
5 17 19060
43 41 3574
37 51 19174
20 4 19849
41 30 12324
10 41 20174
29 50 14102
18 34 7097
12 32 3498
16 43 16356
33 43 27333
16 29 30990
32 28 12490
35 15 17687
11 27 8503
29 9 16054
26 27 19733
24 42 19616
21 9 294
14 27 7901
35 28 15894
29 49 25713
37 49 11288
49 25 6062
25 30 14013
17 43 18890
12 36 26851
6 50 1673
11 42 2571
1 34 20251
12 7 13693
18 23 22405
4 48 30974
25 36 13345
3 36 19464
32 51 3368
5 47 12735
32 15 19515
37 12 26396
39 19 7268
47 25 27657
49 13 3853
30 42 20823
13 5 22741
37 24 20188
14 52 28503
38 21 894
37 22 11454
2 21 21066
46 30 17719
45 47 23750
39 40 4364
41 33 20009
8 34 19775
9 15 28976
36 46 6674
2 43 6781
16 51 4495
44 19 453
6 48 27233
32 41 30909
41 46 4846
26 17 16393
41 34 7873
21 15 6562
28 42 21661
37 45 30051
3 19 13773
44 40 32702
7 42 1940
6 3 17357
39 33 19915
3 18 18749
39 42 20995
18 9 27581
38 52 21712
39 17 27898
12 45 28424
34 46 17235
26 51 1812
44 14 14021
44 13 8877
16 37 19139
38 7 22418
28 19 3826
42 27 15908
10 40 2563
26 8 7908
22 17 22820
21 30 12357
23 44 9144
2 27 11356
27 2 30299
16 3 24135
35 10 18782
32 33 5478
4 32 13883
50 6 16573
50 52 1961
12 41 1858
47 37 21906
4 31 15379
29 10 25064
30 6 10312
2 19 19273
27 10 26852
28 29 17499
42 19 690
31 37 28526
8 10 14245
46 17 5074
45 33 1126
30 52 30802
22 18 3945
21 35 24801
43 9 24524
20 41 1284
28 37 4781
24 14 2292
36 48 142
4 17 6002
6 24 14702
33 31 14521
33 26 169
22 25 2370
12 27 22620
35 36 15512
14 44 29169
24 41 5003
29 14 17834
42 46 22699
11 38 15379
30 49 9734
29 8 31016
52 24 22670
28 18 10202
19 35 18882
28 16 13836
16 25 2745
17 41 2509
23 4 6780
3 6 7094
24 4 8971
23 27 22922
42 41 27085
46 7 21615
10 13 26187
28 32 14834
5 34 29929
38 11 25127
24 23 18835
52 1 1810
15 42 23942
27 49 16893
22 16 19464
50 42 10307
34 22 8187
31 49 12396
27 20 22295
32 6 10500
39 25 4348
41 24 19682
4 24 20736
21 5 14488
37 40 19194
36 11 13124
31 33 21130
10 9 28924
41 47 391
39 7 5992
31 1 6405
46 33 3974
30 44 23687
45 12 31469
11 46 912
8 2 16966
15 32 25323
27 50 19872
2 23 18526
38 12 15123
48 44 5823
42 52 22099
33 46 10653
18 5 1817
5 18 7466
9 35 27519
3 8 2782
43 13 1979
48 36 9713
9 37 12491
18 37 23513
29 3 9144
41 9 20855
50 44 25249
43 26 1893
14 36 5923
49 20 14814
31 46 10027
12 47 23231
10 29 9621
26 38 5083
46 8 16476
27 40 2653
1 46 23688
46 44 15360
24 16 21383
34 16 20488
6 7 27278
19 27 22665
15 30 10186
10 47 31465
39 31 24900
41 29 31459
36 23 6216
50 46 28548
1 10 16906
22 24 23177
46 3 23919
9 28 16296
41 25 27855
36 39 23271
26 40 5132
8 7 6360
1 17 21710
26 3 28286
10 52 9107
40 5 19271
43 29 13068
49 29 11428
14 50 1110
41 13 26150
45 16 2902
50 49 21751
15 19 13931
28 31 17582
1 28 28907
50 3 18764
37 13 14335
18 35 16325
27 3 5740
42 16 9556
8 43 21890
19 22 7624
25 47 13677
19 42 8263
52 43 13090
23 15 16188
14 31 11413
9 43 11119
39 14 9220
3 37 15222
31 8 17024
28 43 21076
31 23 27477
28 23 12838
11 23 1311
7 27 20970
9 26 645
4 29 17385
8 3 4677
28 12 7782
11 36 4746
48 9 15692
23 11 6020
17 6 30714
11 16 17815
40 21 20560
37 44 8822
6 2 7668
34 17 7881
37 48 22393
8 29 23777
35 17 15233
52 11 27339
31 40 16301
9 22 12862
34 30 3683
17 40 5318
21 46 4061
42 18 24857
5 33 22398
28 39 14695
27 23 12598
34 29 21588
48 43 19439
40 6 2666
14 45 7981
29 34 8213
5 22 22894
11 48 16534
39 9 12781
41 44 14438
9 52 29766
10 37 10864
39 6 23164
9 51 32123
52 32 327
15 39 11692
10 32 28353
2 33 15643
21 8 31369
11 49 26468
3 1 15756
21 33 29444
42 11 18937
1 3 31799
29 27 30350
1 39 25792
9 18 6984
36 1 11832
22 41 29974
14 3 25966
13 19 28437
3 40 18014
38 28 12033
18 11 953
13 4 25596
35 9 11152
9 32 6602
22 38 21275
17 52 1604
18 13 19922
50 23 21090
7 6 1517
49 27 24471
39 52 20818
13 9 6044
17 35 26771
2 9 2745
22 28 165
47 35 6258
2 34 31200
6 33 22025
48 6 22160
16 7 30112
41 35 4067
3 21 7599
33 37 32658
15 41 16375
14 22 31036
32 18 1426
17 19 23717
42 6 27171
3 23 25095
13 23 7326
13 31 14812
23 19 16106
32 9 26871
33 35 9444
43 21 6633
31 47 1957
36 35 6439
52 39 31873
25 50 4884
30 11 12540
17 51 6696
52 3 18286
26 25 29892
17 22 24170
49 46 9223
30 20 10027
9 20 16891
28 5 27915
14 8 30247
38 16 5210
33 30 1533
45 26 16774
46 32 2247
23 35 25567
5 38 11852
39 13 22113
23 38 10682
18 45 1654
42 45 6379
7 40 1961
52 2 32281
23 20 9260
5 10 17902
37 2 2306
40 22 30345
40 39 26689
30 23 24353
18 49 6124
42 49 15360
14 29 1968
51 21 14777
7 45 17141
11 52 28148
32 35 19747
50 31 14370
49 7 11581
16 18 8544
36 12 5779
30 41 8554
23 30 19305
50 36 18174
48 35 27011
1 44 18023
6 43 17145
25 49 1912
14 5 9904
50 4 12236
52 20 523
19 5 6566
32 31 19754
49 5 10830
4 12 9956
6 4 8330
25 39 14346
52 46 13119
46 19 11138
29 24 23779
8 44 14724
9 41 7908
16 39 30820
29 20 2646
38 3 27318
27 42 3454
42 28 30117
4 28 7716
21 7 23513
41 50 26275
37 14 20906
44 15 28377
44 52 10939
4 3 4542
47 42 31830
48 17 22217
26 36 15375
33 25 30902
44 27 26178
7 21 5442
25 26 32592
31 26 5689
31 12 18922
12 38 15263
25 12 3446
34 9 11594
47 32 10211
13 3 9293
24 33 6695
36 8 6535
13 8 9193
21 22 32087
52 33 7061
20 25 6317
7 23 1099
34 20 22206
25 48 4254
32 21 23845
19 11 17756
38 41 26423
14 26 10387
35 39 21218
19 48 8783
24 50 18210
28 13 21555
14 2 10117
51 33 14179
20 32 16790
41 12 21154
2 22 8520
37 26 3798
16 10 2465
1 50 24093
12 26 2305
50 9 2037
18 17 17132
16 19 17901
27 17 20957
18 16 5839
14 17 19035
21 36 14265
35 1 14435
2 52 28437
11 30 30820
27 39 27816
31 17 6299
34 41 8662
9 34 5908
49 19 10009
29 15 9487
42 20 16065
39 41 14878
38 25 10588
15 45 4149
7 17 24262
8 49 25552
15 10 18513
30 17 10151
13 18 11204
5 16 17180
1 52 5386
18 22 14568
38 45 13549
33 29 7162
39 50 10290
34 12 1493
33 17 7495
4 16 2605
9 25 10806
24 44 15150
31 27 2905
44 20 5099
42 30 30384
49 42 13328
44 46 8005
24 6 3833
25 14 30121
42 36 9763
33 24 16095
20 48 21858
38 44 3990
32 7 32222
16 33 4317
37 18 11994
35 7 27436
31 4 21496
40 27 2277
12 8 20924
48 14 8228
41 45 27618
12 3 16640
49 24 12379
52 23 418
11 6 9060
21 51 16632
34 37 5365
12 31 31288
11 33 23114
19 12 20025
2 45 10831
38 43 7725
3 41 24304
45 5 31755
2 7 13826
17 1 11611
31 13 2580
12 37 4505
15 36 6517
19 1 26928
14 42 20970
19 18 29747
28 51 7999
30 22 20066
17 7 24257
5 45 30888
46 38 17909
41 49 2414
47 33 4020
19 16 31414
34 27 13327
5 8 32543
12 23 16064
52 18 24628
27 38 7382
13 15 30256
22 10 3716
6 14 6217
28 2 24274
37 9 15369
47 24 28417
18 43 27800
5 51 31247
52 22 19559
40 20 17520
13 34 31145
2 47 16856
5 4 16502
41 18 16213
22 30 10006
15 5 11709
42 8 20300
21 37 27131
43 36 5827
27 25 8158
23 50 32039
50 35 5510
10 20 9188
35 37 21776
1 32 2670
31 22 13119
21 2 17490
12 6 26938
1 24 5788
45 9 19060
50 21 25677
11 37 20167
44 18 9999
5 29 22828
42 34 8177
7 37 21393
5 27 9157
26 43 6065
20 24 13622
33 12 3452
13 27 13711
12 22 13841
49 11 32266
31 29 28115
27 11 27579
18 12 20478
16 38 28864
17 44 1277
35 26 15108
8 25 8279
24 10 8616
20 13 16904
30 2 24545
33 14 7801
29 32 562
25 17 29572
38 15 12286
35 16 29435
52 31 25298
52 25 14248
10 15 25113
51 50 8708
27 13 3504
35 41 24999
51 13 6240
12 35 23077
7 3 6496
25 52 21236
14 18 25877
27 32 23542
45 35 20292
36 41 17020
18 20 14156
20 36 3218
8 27 24281
1 31 13987
19 50 18050
25 31 3313
20 52 4375
10 7 13637
8 19 15352
11 25 676
14 12 6840
10 26 24233
34 50 15770
15 16 27796
6 45 924
18 51 6067
41 40 21561
1 48 29018
43 6 2794
43 37 9376
51 52 14131
16 11 12247
15 17 29430
45 23 13153
13 29 9264
49 35 28279
22 8 182
30 48 19285
22 48 1776
44 22 21974
21 26 29237
49 41 25862
37 46 6039
13 51 31134
47 2 27881
44 33 4556
2 11 26685
44 43 16303
34 1 19251
26 45 16279
51 20 1516
6 31 21001
40 2 6346
36 17 17764
23 2 23539
23 32 8250
24 25 32087
23 31 1072
12 19 5871
43 16 30829
3 49 24387
38 47 14987
52 21 6763
13 45 18485
34 11 17954
33 15 29985
2 4 5108
19 34 20281
42 10 11201
45 38 3248
14 30 20532
47 26 9367
42 40 7439
36 47 26382
49 36 31614
34 35 10463
49 4 11833
3 38 15330
18 42 9119
9 8 20960
3 2 7042
33 2 20285
52 5 23001
30 5 16719
24 15 6489
48 33 2869
21 29 32290
32 37 3933
20 1 8793
48 31 15888
14 11 14246
30 34 15172
39 32 15170
37 39 8289
28 24 22520
32 50 7501
17 4 14475
15 8 31031
26 14 13476
51 15 26930
2 20 11060
1 41 32086
48 37 18304
5 6 15103
6 29 666
24 31 11679
29 12 10700
42 14 11219
25 1 21810
15 1 29752
7 33 22987
6 18 6356
21 20 1525
14 33 20025
30 39 11067
44 26 22951
29 44 13173
51 48 20052
40 26 3743
42 29 797
17 20 5601
12 10 21352
12 11 12210
47 18 24336
2 13 2539
8 1 22170
11 35 2435
7 44 24561
45 36 16014
28 52 23381
6 44 5874
46 15 23233
25 13 29755
33 44 25021
27 14 11805
7 22 31657
45 39 135
9 13 4603
42 21 22125
12 44 7811
41 31 29051
4 23 6526
20 12 214
6 16 26509
17 32 8718
52 49 4925
38 31 8146
1 45 28291
41 32 32147
15 33 12000
31 20 24834
23 17 28857
18 52 1325
48 3 16435
17 24 9259
36 43 18916
25 37 10563
10 34 20538
20 26 15355
8 38 29740
1 12 26466
40 3 21799
20 42 27558
30 27 20551
16 13 17290
42 23 31448
20 17 24797
18 1 9765
6 30 25392
20 43 15118
31 44 30226
20 46 19087
33 6 21368
32 39 18852
39 36 30066
45 44 16305
12 9 14905
35 46 20190
28 49 23490
26 41 23014
27 4 1624
2 15 10826
19 41 16267
45 40 883
32 36 25731
15 2 18859
46 52 15913
26 49 11834
12 17 1849
27 15 8319
38 30 21400
32 10 32693
51 23 7779
15 18 30539
34 44 16977
51 16 2823
7 39 31478
3 28 14537
20 18 15272
40 34 12395
42 4 21908
36 6 10598
1 29 26424
44 10 5475
46 4 22444
19 9 8796
43 33 7791
1 5 18325
42 7 21975
45 48 2120
44 30 14450
4 11 30136
31 19 13700
31 2 14776
40 49 8980
33 47 756
26 12 17461
32 30 20543
23 36 1307
11 12 24295
22 47 7391
11 28 21452
41 17 10553
49 32 20504
35 40 5527
30 46 21572
38 51 10236
45 25 1889
47 39 938
51 45 15310
38 6 27550
25 44 3247
25 3 520
2 28 32270
32 26 15411
34 2 31575
23 9 7602
47 10 10778
16 17 24447
5 32 5799
41 22 15572
35 4 26653
4 35 18834
8 6 23062
23 21 24107
12 43 14553
6 28 31183
12 18 5434
33 28 28725
15 29 31019
7 10 25239
46 28 18799
19 36 18980
24 3 9029
16 45 12785
18 4 14582
49 52 5427
1 26 18707
43 18 3618
51 2 28096
36 16 17076
41 38 9484
21 11 4599
28 41 7126
35 43 17382
34 40 1174
8 21 23692
16 46 24305
26 16 16784
46 5 20437
46 41 20173
5 11 8551
5 7 32284
7 32 27329
18 7 9736
37 36 30692
19 10 17827
25 34 26154
26 50 2117
40 47 1443
10 21 2865
12 2 2019
33 18 16141
16 6 15250
28 22 1338
7 1 3664
47 3 31925
41 39 5321
21 48 4428
6 19 1521
17 16 31142
15 27 10560
11 20 25000
18 46 22408
41 7 7757
36 3 24637
26 18 7766
575
